42258223
42235467
42230533
42229359
42224890
42204649
42191861
42126089
42090914
42050642
42044614
42032201
42015885
41965938
41933612
41925268
41880846
41752355
41746100
41691585
41645366
41627806
41620498
41611453
41603589
41595798
41556967
41453387
41448279
41366062
41351545
41318255
41313547
41305138
41297729
41284888
41237438
41223403
41178582
41174937
41074045
40952338
40950049
40924570
40894056
40883971
40862008
40832297
40819631
40808300
40791379
40746830
40737540
40735948
40724042
40709698
40697262
40677610
40632366
40439959
40395053
40340441
40250444
40247896
40241054
40231475
40208182
40170262
40155258
40148960
40084221
40067522
40065506
40049205
40009760
39955969
39934875
39934367
39928904
39921884
39921358
39899749
39898289
39878267
39846013
39837396
39824606
39765010
39746335
39711043
39707834
39676739
39674132
39664300
39654048
39605517
39595317
39560993
39545621
39542684
39515853
39479557
39460137
39448571
39420299
39393543
39379318
39332097
39299792
39282351
39260075
39251153
39229219
39228989
39190446
39113611
39101246
39250567
39088381
39044000
39039551
39028539
38992904
38961529
38932701
38909995
38844915
38831751
38825791
38802177
38783770
38766251
38754246
38730555
38724889
38703008
38654015
38648008
38645172
38637798
38614843
38570788
38546787
38524899
38519952
38487586
38467113
38462622
38447963
38407949
38352340
38308433
38103985
38074702
38063894
38054700
38049604
38028915
37981708
37974503
37966213
37964070
37957669
37905039
37789556
37776779
37666506
37620814
37580765
37579451
37568712
37550640
37542823
37539379
37535596
37501128
37495386
37469119
37464813
37434216
37407042
37399714
37397763
37377561
37328864
37318612
37310170
37277222
37190137
37141414
37124970
37080833
37074589
37061452
36959101
36952536
36930800
36874877
36872606
36856803
36852983
36852198
36851026
36844850
36822811
36810854
36653772
36642323
36636695
36600342
36543545
36540387
36484309
36474203
36458447
36339853
36298619
36282837
36278152
36227984
36198472
36196743
36190989
36188899
36176569
36155823
36135315
36113948
36097364
35993978
35980244
35972153
35953881
35941555
35926194
35887331
35876369
35797080
35789491
35783616
35669045
35608860
35562350
35454887
35449014
35370012
35354808
35318045
35307504
35276002
35251293
35195529
35190831
35186617
35183867
35175588
35146053
35145419
35130951
35115556
35063819
35055314
35047666
35037968
35036549
35015781
34989696
34988252
34927694
34847831
34801004
34796244
34730001
34728459
34695644
34685144
34666306
34645477
34599169
34598738
34595769
34581895
34569055
34552338
34546167
34491208
34466376
34433970
34410284
34407092
34377737
34374957
34323329
34315788
34312215
34293520
34273936
34265725
34154566
34057417
34032110
33999558
33949755
33902552
33899001
33863813
33817797
33785741
33739185
33672229
33667579
33643502
33640708
33639930
33618617
33576581
33556083
33547292
33538101
33517167
33496996
33477203
33461367
33422039
38706722
33390032
33471454
33376127
33374973
33371320
33350562
36315752
33284781
33276779
33219683
33215857
33214303
33150200
33123718
33117126
33004292
32991713
32986783
32960478
32927970
32923349
32917647
32908733
32847914
32741999
32708138
32698198
32690948
32610774
32592687
32548897
32525434
32521220
32503435
32472720
32470441
32461304
32410685
32376313
32371552
32366906
32364345
32359734
32338428
32324142
32323388
32293445
32266326
32226594
32182691
32167280
32093067
32045446
32012041
32002766
31998949
31987032
31982075
31970203
31944324
31928245
31900914
31825540
31783249
31773131
31747605
31727067
31672057
31650078
31646896
31646189
31611800
31602711
31583769
31554818
31553632
31551386
31527245
31473948
31472018
31415071
31397857
31394909
31392958
31289072
31283224
31216882
31122662
31106607
31102593
31092659
31076470
31072010
31070980
31049762
31021829
31001964
30962090
30949046
30928941
30920610
30904877
30894570
30891137
30864165
30850419
34394790
30792530
30791916
30712393
30680055
30679916
30677005
30655535
30618353
30588218
30578319
30576556
30505686
30498332
30476098
30467915
30428772
30412224
30411988
30383128
30367959
30323555
30322847
30206138
30194380
30131447
30115679
30110605
30110412
30054606
29996998
29991488
29990678
29980227
29959978
29888198
29799989
29778225
29732121
29718743
30035948
29706132
29666280
29659609
29643062
29634460
29593510
29566697
29545054
29522317
29484346
29450455
29437791
29427176
29395951
29364209
29293549
29264489
29251811
29226979
29192307
29124679
29117760
29073569
29051161
29036604
29035642
28993459
28990208
